(0.2, 2, 6) 13.346900111226166
(0.2, 2, 3) 13.348561762102348
(0.2, 2, 1) 13.349680102974302
(0.2, 2, 0) 13.350242482548621
(0.1, 2, 6) 13.351617284081524
(0.2, 2, -3) 13.35194260925118
(0.1, 2, 3) 13.35204476090178
(0.1, 2, 1) 13.35233043279961
(0.1, 2, 0) 13.352473475567106
(0.05, 2, 6) 13.352821689002292
(0.1, 2, -3) 13.352903433620725
(0.05, 2, 3) 13.35292933391372
(0.05, 2, 1) 13.353001140579414
(0.05, 2, 0) 13.35303705694346
(0.05, 2, -3) 13.353144858172552
(0.01, 2, 6) 13.353209269833746
(0.01, 2, 3) 13.353213585634366
(0.01, 2, 1) 13.353216462828664
(0.01, 2, 0) 13.353217901682234
(0.01, 2, -3) 13.353222217945161
(0.0001, 2, -3) 13.353222922890053
(0.0001, 2, 0) 13.353223772828795
(0.0001, 2, 1) 13.353224289719773
(0.0001, 2, 3) 13.353224904699857
(0.001, 2, 6) 13.353225280506594
(0.001, 2, 3) 13.353225319667844
(0.001, 2, 1) 13.353225342814529
(0.001, 2, 0) 13.353225365558043
(0.001, 2, -3) 13.353225442887824
(0.0001, 2, 6) 13.353225479101821
(0.2, 1, 6) 13.357708902135188
(0.2, 1, 3) 13.359453564550865
(0.2, 1, 1) 13.360627884313374
(0.2, 1, 0) 13.361218448010467
(0.1, 1, 6) 13.362665856040648
(0.2, 1, -3) 13.363003919530692
(0.1, 1, 3) 13.363114821287107
(0.1, 1, 1) 13.363414861053915
(0.1, 1, 0) 13.363565100487985
(0.05, 1, 6) 13.36393174587882
(0.1, 1, -3) 13.364016699702074
(0.05, 1, 3) 13.36404481082051
(0.05, 1, 1) 13.364120233519895
(0.05, 1, 0) 13.364157958706429
(0.05, 1, -3) 13.364271189627765
(0.01, 1, 6) 13.364339136423686
(0.01, 1, 3) 13.364343669641737
(0.01, 1, 1) 13.36434669180426
(0.01, 1, 0) 13.364348203115927
(0.0001, 1, -3) 13.364352732855682
(0.01, 1, -3) 13.364352736821
(0.0001, 1, 0) 13.36435441523401
(0.0001, 1, 1) 13.364354964039592
(0.0001, 1, 3) 13.364355506424564
(0.001, 1, 6) 13.364355965015848
(0.001, 1, 3) 13.36435600630501
(0.001, 1, 1) 13.364356032187521
(0.001, 1, 0) 13.36435605555447
(0.001, 1, -3) 13.364356135751688
(0.0001, 1, 6) 13.36435622542732
(0.2, 0, 6) 13.368937615325164
(0.2, 0, 3) 13.370770057813518
(0.2, 0, 1) 13.372003607475529
(0.2, 0, 0) 13.372624003125559
(0.1, 0, 6) 13.374148455132932
(0.2, 0, -3) 13.374499855331369
(0.1, 0, 3) 13.3746201853278
(0.1, 0, 1) 13.37493544900797
(0.1, 0, 0) 13.375093314653364
(0.05, 0, 6) 13.375479534062952
(0.1, 0, -3) 13.375567849800925
(0.05, 0, 3) 13.375598343875943
(0.05, 0, 1) 13.375677599491944
(0.05, 0, 0) 13.375717242039821
(0.05, 0, -3) 13.375836228656803
(0.01, 0, 6) 13.375907935685166
(0.01, 0, 3) 13.375912699386094
(0.01, 0, 1) 13.375915875219317
(0.01, 0, 0) 13.375917463394504
(0.01, 0, -3) 13.375922227565278
(0.0001, 0, -3) 13.375922728750517
(0.0001, 0, 0) 13.375924264798497
(0.0001, 0, 1) 13.375924839847888
(0.0001, 0, 3) 13.375925253382835
(0.001, 0, 6) 13.375925633184131
(0.001, 0, 3) 13.375925674754662
(0.001, 0, 1) 13.375925703808244
(0.0001, 0, 6) 13.375925726350246
(0.001, 0, 0) 13.37592572871723
(0.001, 0, -3) 13.375925808275923
